1045529987
1053953693
1065618283
1082896707
1093974672
1095240537
1097414213
1149665262
1182389073
1182391231
1182425635
1187986757
1189729754
1192525470
1193111400
1193210930
1193491727
1194868525
1195201334
1195347197
1195910797
1197161814
1197863207
1197890497
1198251274
1198367585
1198442164
1210417191
1212641822
1215031834
1216766752
1217209464
1218098864
1219494175
1220291284
1220546491
1221707263
1222221682
1222713954
1223354542
1227687675
1228977142
1233227211
1233488674
1235457821
1244589914
1253531973
1255687540
1258259602
1263406744
1264080891
1265965213
1272651680
1276412035
1282282193
1283022704
1288953145
1298535315
1336056181
1338738570
1352130183
1358776365
1369714780
1376420267
1396715380
1400887105
1402828774
1403025472
1403497553
1404928432
1405603123
1410242783
1410448443
1422308692
1435160552
1445708247
1446847653
1459277820
1459358890
1477045392
1483330984
1490372962
1494848464
1496825941
1496863563
1496913734
1497390470
1497878455
1497882593
1560851875
1561015262
1567762360
1569160390
1571497285
1573607807
1582488432
1584255432
1596329427
1609735332
1626167435
1632067682
1639127253
1640571365
1641428154
1642398891
1643954857
1644284007
1645101450
1645826702
1646068663
1647225837
1648237865
1649005320
1649750547
1650305567
1653714227
1654592030
1655746665
1656818114
1657776532
1660079292
1661598840
1662429125
1662766362
1665372775
1665808371
1665826811
1667422442
1668244557
1670421223
1672097180
1676160070
1679602805
1684388950
1687198333
1687442645
1700709963
1700757973
1701401324
1706987705
1708643783
1709405635
1710546672
1723343590
1732294475
1735047885
1735918992
1736499131
1737694433
1737847545
1738933752
1746215377
1748019141
1751124681
1761713265
1778542151
1785075601
1788911247
1803570001
1807715644
1813080181
1813482925
1820201245
1827541675
1827652007
1830438495
1833963193
1837869620
1837948162
1850145517
1860128420
1874361623
1884475047
1889213710
1890443153
1896697435
1900093822
1907616172
1907725053
1908195982
1935084477
1952722131
1971861621
1980337107
1989660417
1997641692
2044679991
2093591281
2101413011
2116813703
2134671703
2140415420
2150758415
2165259481
2240194360
2309623245
2373564081
2379772654
2423228220
2439589765
2734991611
2774892563
2862875374
3062287903
1049198655
1076186033
1191220232
1191258123
1195300800
1197362373
1252397723
1291592332
1444865141
1496070307
1496852380
1496864063
1554710050
1563926367
1626297211
1646446167
1647865744
1670071920
1691761292
1707683373
1708942053
1745573472
1749127163
1764523734
1769165581
1771140437
1907542963
1944554947
2131428627
2145291155
2147283903
2267310857
2718604160
2834256503
3167305545
3578404775
3939426052
5014862797
5120334252
5459181838
5628037489